0 4 99999 99999 99999 99999 99999 99999 99999 99999 99999 
4 0 4 99999 99999 4 99999 99999 99999 99999 99999 
99999 4 0 99999 9 99999 99999 99999 99999 99999 99999 
99999 99999 99999 0 4 99999 2 99999 99999 99999 99999 
99999 99999 9 4 0 99999 99999 99999 4 99999 99999 
99999 4 99999 99999 99999 0 7 99999 99999 99999 99999 
99999 99999 99999 2 99999 7 0 3 99999 99999 99999 
99999 99999 99999 99999 99999 99999 3 0 3 9 99999 
99999 99999 99999 99999 4 99999 99999 3 0 6 99999 
99999 99999 99999 99999 99999 99999 99999 9 6 0 1 
99999 99999 99999 99999 99999 99999 99999 99999 99999 1 0 
